
482.7859304778131 791.2781124303891 1410.48951191446 2479.508445050562 
528.6351817060234 862.7006901491195 1400.644502707507 1945.058816187688

354.0281309891723 772.1298796483125 1710.016593913396 2123.747512527137
384.1119796036193 546.9725854009204 1918.282888797793 2485.442484187788

256.3966672376247 467.7790056481944 2267.575809973011 3017.320235941521
210.2084741846394 438.5210887828441 2178.347730808098 2990.111856824889

252.5932404694257 638.1886467534143 1514.369816346748 2579.537517837638
366.5519454817422 615.7550931509317 1125.967785923847 2549.620670706851
345.5454564493756 564.5235553527835 1265.202073208701 2536.066324242657

229.8265839327255 434.5404749359715 1340.556350647272 2545.28178150919 
